[7.86093750000000,12.2656250000000]
[7.86093750000000,14.7656250000000]
[7.86093750000000,17.2656250000000]
[7.86093750000000,19.7656250000000]
[7.86093750000000,22.2656250000000]
[7.86093750000000,24.7656250000000]
[7.86093750000000,27.2656250000000]
[7.86093750000000,29.7656250000000]
[5.61093750000000,12.2656250000000]
[5.61093750000000,14.7656250000000]
[5.61093750000000,17.2656250000000]
[5.61093750000000,19.7656250000000]
[5.61093750000000,22.2656250000000]
[5.61093750000000,24.7656250000000]
[5.61093750000000,27.2656250000000]
[5.61093750000000,29.7656250000000]
[3.36093750000000,12.2656250000000]
[3.36093750000000,14.7656250000000]
[3.36093750000000,17.2656250000000]
[3.36093750000000,19.7656250000000]
[3.36093750000000,22.2656250000000]
[3.36093750000000,24.7656250000000]
[3.36093750000000,27.2656250000000]
[3.36093750000000,29.7656250000000]
[1.11093750000000,12.2656250000000]
[1.11093750000000,14.7656250000000]
[1.11093750000000,17.2656250000000]
[1.11093750000000,19.7656250000000]
[1.11093750000000,22.2656250000000]
[1.11093750000000,24.7656250000000]
[1.11093750000000,27.2656250000000]
[1.11093750000000,29.7656250000000]
[-1.13906250000000,12.2656250000000]
[-1.13906250000000,14.7656250000000]
[-1.13906250000000,17.2656250000000]
[-1.13906250000000,19.7656250000000]
[-1.13906250000000,22.2656250000000]
[-1.13906250000000,24.7656250000000]
[-1.13906250000000,27.2656250000000]
[-1.13906250000000,29.7656250000000]
[-3.38906250000000,12.2656250000000]
[-3.38906250000000,14.7656250000000]
[-3.38906250000000,17.2656250000000]
[-3.38906250000000,19.7656250000000]
[-3.38906250000000,22.2656250000000]
[-3.38906250000000,24.7656250000000]
[-3.38906250000000,27.2656250000000]
[-3.38906250000000,29.7656250000000]
[-5.63906250000000,12.2656250000000]
[-5.63906250000000,14.7656250000000]
[-5.63906250000000,17.2656250000000]
[-5.63906250000000,19.7656250000000]
[-5.63906250000000,22.2656250000000]
[-5.63906250000000,24.7656250000000]
[-5.63906250000000,27.2656250000000]
[-5.63906250000000,29.7656250000000]
[-7.88906250000000,12.2656250000000]
[-7.88906250000000,14.7656250000000]
[-7.88906250000000,17.2656250000000]
[-7.88906250000000,19.7656250000000]
[-7.88906250000000,22.2656250000000]
[-7.88906250000000,24.7656250000000]
[-7.88906250000000,27.2656250000000]
[-7.88906250000000,29.7656250000000]